All
==        FCFS==
-29999977773444441111DDDDDDDDDCCCCCC000000055558888888AABBBBBB6666666
==          RR==
-29977993447791144DDCC00114DD55CC8800AADD55CC88BB0066DD88BB066D8BB666
==        SRTF==
-27777399999111144444C5555AACCCCC0000000BBBBBB88888886666666DDDDDDDDD
==        PPRR==
-999997777324DDCCCCCC1588888884411441AA55566666660000000DDDDDDDBBBBBB
==        HRRN==
-29999977773444441111CCCCCC0000000AA5555DDDDDDDDD8888888BBBBBB6666666
===========================================================

waiting
ID	FCFS	RR	SRTF	PPRR	HRRN
===========================================================
0	20	37	17	33	11
1	8	13	3	24	8
2	0	0	0	10	0
3	5	2	0	4	5
4	6	16	10	25	6
5	21	17	0	16	14
6	23	23	14	3	23
7	5	7	0	4	5
8	24	34	23	0	26
9	1	8	6	0	1
10	28	11	0	11	8
11	20	24	4	27	20
12	15	24	12	0	6
13	8	41	47	41	27
===========================================================

Turnaround Time
ID	FCFS	RR	SRTF	PPRR	HRRN
===========================================================
0	27	44	24	40	18
1	12	17	7	28	12
2	1	1	1	11	1
3	6	3	1	5	6
4	11	21	15	30	11
5	25	21	4	20	18
6	30	30	21	10	30
7	9	11	4	8	9
8	31	41	30	7	33
9	6	13	11	5	6
10	30	13	2	13	10
11	26	30	10	33	26
12	21	30	18	6	12
13	17	50	56	50	36
===========================================================

